<?xml version="1.0"?>
<opencv_storage>
<calibrationDate>"Sat Nov  2 21:12:20 2019"</calibrationDate>
<framesCount>23</framesCount>
<cameraResolution>
  1920 1080</cameraResolution>
<cameraMatrix type_id="opencv-matrix">
  <rows>3</rows>
  <cols>3</cols>
  <dt>f</dt>
  <data>
    1.63544287e+03 0. 5.30112000e+02 0.
    1.62656787e+03 9.43887573e+02 0. 0. 1.</data></cameraMatrix>
<cameraMatrix_std_dev type_id="opencv-matrix">
  <rows>4</rows>
  <cols>1</cols>
  <dt>d</dt>
  <data>
    0. 1.0337114687976474e+01 2.4530334727506520e+00
    1.5488380888426865e+00</data></cameraMatrix_std_dev>
<dist_coeffs type_id="opencv-matrix">
  <rows>1</rows>
  <cols>5</cols>
  <dt>d</dt>
  <data>
    1.06414892e-01 2.24498063e-02 -8.78537074e-04 2.15143524e-03
    -4.17761594e-01</data></dist_coeffs>
<dist_coeffs_std_dev type_id="opencv-matrix">
  <rows>5</rows>
  <cols>1</cols>
  <dt>d</dt>
  <data>
    2.2438751183818249e-02 3.7591642257972979e-01 0. 0.
    1.8884382638064223e+00</data></dist_coeffs_std_dev>
<avg_reprojection_error>4.2427474930671399e-01</avg_reprojection_error>
</opencv_storage>
