<?xml version="1.0"?>
<opencv_storage>
<calibrationDate>"Sat Nov  2 20:43:25 2019"</calibrationDate>
<framesCount>29</framesCount>
<cameraResolution>
  1280 720</cameraResolution>
<cameraMatrix type_id="opencv-matrix">
  <rows>3</rows>
  <cols>3</cols>
  <dt>d</dt>
  <data>
    9.5706800632526949e+02 0. 6.4099743374124705e+02 0.
    9.5706800632526949e+02 3.7287009944977342e+02 0. 0. 1.</data></cameraMatrix>
<cameraMatrix_std_dev type_id="opencv-matrix">
  <rows>4</rows>
  <cols>1</cols>
  <dt>d</dt>
  <data>
    0. 1.8976216599536780e+01 6.8868675050660597e+00
    5.3165313284075282e+00</data></cameraMatrix_std_dev>
<dist_coeffs type_id="opencv-matrix">
  <rows>1</rows>
  <cols>5</cols>
  <dt>d</dt>
  <data>
    6.3302514661439394e-02 -2.8035150034876555e-01 0. 0.
    2.9970553650613196e-01</data></dist_coeffs>
<dist_coeffs_std_dev type_id="opencv-matrix">
  <rows>5</rows>
  <cols>1</cols>
  <dt>d</dt>
  <data>
    2.3614148627769123e-02 9.4859428985938965e-02 0. 0.
    1.2112522607357085e-01</data></dist_coeffs_std_dev>
<avg_reprojection_error>6.3299871986904754e-01</avg_reprojection_error>
</opencv_storage>
