<?xml version="1.0"?>
<opencv_storage>
<calibrationDate>"Sat Nov  2 20:43:25 2019"</calibrationDate>
<framesCount>29</framesCount>
<cameraResolution>
  1280 720</cameraResolution>
<cameraMatrix type_id="opencv-matrix">
  <rows>3</rows>
  <cols>3</cols>
  <dt>d</dt>
  <data>
    9.5706800632526949e+02 0. 6.4099743374124705e+02 0.
    9.5706800632526949e+02 3.7287009944977342e+02 0. 0. 1.</data></cameraMatrix>
<dist_coeffs type_id="opencv-matrix">
  <rows>1</rows>
  <cols>5</cols>
  <dt>d</dt>
  <data>
    6.3302514661439394e-02 -2.8035150034876555e-01 0. 0.
    2.9970553650613196e-01</data></dist_coeffs>
<avg_reprojection_error>6.3299871986904754e-01</avg_reprojection_error>
</opencv_storage>
